Epoch:1		Epoch Loss:7.9002974757516435
Epoch:2		Epoch Loss:4.183369092855035
Epoch:3		Epoch Loss:3.921843455351376
